[
  [
    [
      [0.1737777590751648, 0.4485796093940735, 0.7268251180648804],
      [0.14841261506080627, 0.4726123809814453, 0.5718666315078735],
      [0.1504739373922348, 0.4192432165145874, 0.6554740071296692],
      [0.15604186058044434, 0.5080661177635193, 0.8896312713623047],
      [0.1624254584312439, 0.38661032915115356, 0.8441841006278992],
      [0.24209684133529663, 0.6049505472183228, 0.7965843081474304],
      [0.277698278427124, 0.3457225561141968, 0.8821341395378113],
      [0.38543814420700073, 0.690384566783905, 0.8051359057426453], 
      [0.3843267858028412, 0.17786084115505219, 0.8813879489898682],
      [0.5258373022079468, 0.6787780523300171, 0.8296109437942505],
      [0.3218248188495636, 0.29638081789016724, 0.8763339519500732],
      [0.5347342491149902, 0.5867009162902832, 0.8844093084335327],
      [0.5336984395980835, 0.4317410886287689, 0.7482731342315674],
      [0.680799663066864, 0.7581605911254883, 0.8597711324691772],
      [0.6848110556602478, 0.305952787399292, 0.8546963930130005],
      [0.8194369077682495, 0.7198495864868164, 0.7945157289505005],
      [0.822936475276947, 0.25716865062713623, 0.8960393667221069]
    ]
  ]
]